12;10000;3600
Corpo 1;4.907295472820664E+24;5856.504153118793;-530482636.0079613;2446312748.1605053;2.396728058853938;190.45806901305832
Corpo 2;1.9066747286576467E+23;5553.795890209634;469551635.2859144;658726438.462388;5.15226026894203;163.39850481808014
Corpo 3;7.747219703640222E+23;3002.845611130197;-3341258746.8547273;-205373348.59463882;-15.073064170691055;52.11775191756533
Corpo 4;1.894076346118942E+24;3321.1406731418183;-4079479899.0392156;-3332612456.587283;183.32840707668976;-129.46271018161838
Corpo 5;2.9314927222875285E+24;4816.733172785987;-1559501293.182448;-2276072845.545457;-60.075071096036936;57.32341628500342
Corpo 6;2.8215389026251285E+23;5228.510978501208;1219756665.5239801;-1921953011.7537942;35.72146767485543;135.3403051270103
Corpo 7;5.253057684797818E+23;4014.0210470854;544098580.870408;-2250055526.0266685;135.86461416638554;-56.224854020129555
Corpo 8;6.669375611530791E+22;3789.644251491549;-1761567096.306622;-2814614357.9429274;-125.20788769663453;154.38497872485624
Corpo 9;2.282455168543958E+24;3390.0220549683545;114906472.59631252;3183177286.6993656;-147.4417916545439;-147.8696072931977
Corpo 10;8.643722963305298E+24;4763.144168599747;-2735972930.592241;-2046249929.0733829;36.67871785842837;-165.57106385140997
Corpo 11;6.402265707324677E+24;4984.313646822971;-814087393.250462;352030299.2859316;14.108825342176658;-18.69597295792036
Corpo 12;4.372088191925762E+24;5386.174507548678;3753585062.9624195;-279027584.6750288;68.09445553071873;155.28883966375435
